Ordenando agora uma lista com 16 numeros 
O valor do incremento eh  8 e  o estado atual da sequencia eh:  [4, 2, 9, 6, 3, 3, 4, 8, 8, 14, 10, 11, 13, 9, 9, 15] 
O valor do incremento eh  4 e  o estado atual da sequencia eh:  [3, 2, 4, 6, 4, 3, 9, 8, 8, 9, 9, 11, 13, 14, 10, 15] 
O valor do incremento eh  2 e  o estado atual da sequencia eh:  [3, 2, 4, 3, 4, 6, 8, 8, 9, 9, 9, 11, 10, 14, 13, 15] 
O valor do incremento eh  1 e  o estado atual da sequencia eh:  [2, 3, 3, 4, 4, 6, 8, 8, 9, 9, 9, 10, 11, 13, 14, 15] 

Ordenando agora uma lista com 32 numeros 
O valor do incremento eh  16 e  o estado atual da sequencia eh:  [9, 18, 3, 2, 16, 14, 4, 6, 25, 17, 12, 9, 9, 2, 13, 12, 24, 20, 25, 21, 20, 18, 14, 6, 32, 22, 18, 23, 14, 8, 26, 19] 
O valor do incremento eh  8 e  o estado atual da sequencia eh:  [9, 17, 3, 2, 9, 2, 4, 6, 24, 18, 12, 9, 14, 8, 13, 6, 25, 20, 18, 21, 16, 14, 14, 12, 32, 22, 25, 23, 20, 18, 26, 19] 
O valor do incremento eh  4 e  o estado atual da sequencia eh:  [9, 2, 3, 2, 9, 8, 4, 6, 14, 14, 12, 6, 16, 17, 13, 9, 20, 18, 14, 12, 24, 18, 18, 19, 25, 20, 25, 21, 32, 22, 26, 23] 
O valor do incremento eh  2 e  o estado atual da sequencia eh:  [3, 2, 4, 2, 9, 6, 9, 6, 12, 8, 13, 9, 14, 12, 14, 14, 16, 17, 18, 18, 20, 18, 24, 19, 25, 20, 25, 21, 26, 22, 32, 23] 
O valor do incremento eh  1 e  o estado atual da sequencia eh:  [2, 2, 3, 4, 6, 6, 8, 9, 9, 9, 12, 12, 13, 14, 14, 14, 16, 17, 18, 18, 18, 19, 20, 20, 21, 22, 23, 24, 25, 25, 26, 32] 

Ordenando agora uma lista com 50 numeros 
O valor do incremento eh  25 e  o estado atual da sequencia eh:  [14, 8, 2, 4, 9, 26, 19, 16, 25, 30, 2, 4, 23, 6, 5, 2, 2, 4, 24, 6, 29, 3, 17, 17, 36, 45, 16, 15, 14, 37, 45, 20, 41, 45, 47, 31, 18, 46, 17, 50, 25, 49, 39, 28, 9, 33, 34, 49, 32, 38] 
O valor do incremento eh  12 e  o estado atual da sequencia eh:  [14, 6, 2, 2, 2, 4, 19, 6, 9, 3, 2, 4, 18, 8, 5, 4, 9, 26, 24, 16, 25, 30, 17, 17, 23, 38, 16, 15, 14, 37, 39, 20, 29, 33, 34, 31, 32, 45, 17, 50, 25, 49, 45, 28, 41, 45, 47, 49, 36, 46] 
O valor do incremento eh  6 e  o estado atual da sequencia eh:  [14, 6, 2, 2, 2, 4, 18, 6, 5, 3, 2, 4, 19, 8, 9, 4, 9, 17, 23, 16, 16, 15, 14, 26, 24, 20, 17, 30, 17, 31, 32, 28, 25, 33, 25, 37, 36, 38, 29, 45, 34, 49, 39, 45, 41, 50, 47, 49, 45, 46] 
O valor do incremento eh  3 e  o estado atual da sequencia eh:  [2, 2, 2, 3, 2, 4, 4, 6, 4, 14, 6, 5, 15, 8, 9, 18, 9, 16, 19, 14, 17, 23, 16, 17, 24, 17, 25, 30, 20, 26, 32, 25, 29, 33, 28, 31, 36, 34, 37, 39, 38, 41, 45, 45, 49, 45, 46, 49, 50, 47] 
O valor do incremento eh  1 e  o estado atual da sequencia eh:  [2, 2, 2, 2, 3, 4, 4, 4, 5, 6, 6, 8, 9, 9, 14, 14, 15, 16, 16, 17, 17, 17, 18, 19, 20, 23, 24, 25, 25, 26, 28, 29, 30, 31, 32, 33, 34, 36, 37, 38, 39, 41, 45, 45, 45, 46, 47, 49, 49, 50] 

Ordenando agora uma lista com 73 numeros 
O valor do incremento eh  36 e  o estado atual da sequencia eh:  [40, 7, 67, 41, 10, 13, 28, 40, 4, 5, 16, 47, 6, 6, 5, 64, 12, 16, 41, 18, 13, 30, 45, 58, 2, 36, 41, 48, 28, 23, 22, 5, 37, 23, 11, 21, 40, 56, 70, 44, 69, 19, 54, 45, 64, 45, 37, 65, 45, 38, 59, 66, 48, 18, 63, 45, 49, 71, 66, 71, 23, 71, 59, 51, 58, 62, 47, 7, 42, 50, 21, 46, 50] 
O valor do incremento eh  18 e  o estado atual da sequencia eh:  [40, 7, 13, 30, 10, 13, 2, 36, 4, 5, 16, 23, 6, 5, 5, 23, 11, 16, 40, 18, 49, 41, 45, 19, 23, 40, 41, 45, 28, 47, 22, 6, 37, 50, 12, 18, 41, 45, 67, 44, 66, 58, 28, 45, 59, 48, 37, 62, 45, 7, 42, 64, 21, 21, 50, 56, 70, 71, 69, 71, 54, 71, 64, 51, 58, 65, 47, 38, 59, 66, 48, 46, 63] 
O valor do incremento eh  9 e  o estado atual da sequencia eh:  [5, 7, 13, 6, 5, 5, 2, 11, 4, 40, 16, 23, 22, 6, 13, 23, 12, 16, 40, 18, 47, 30, 7, 19, 23, 21, 18, 41, 28, 49, 41, 10, 37, 28, 36, 21, 45, 37, 62, 44, 38, 42, 50, 40, 41, 48, 45, 65, 45, 45, 58, 54, 45, 46, 50, 56, 67, 47, 66, 59, 64, 48, 59, 51, 58, 70, 71, 69, 71, 66, 71, 64, 63] 
O valor do incremento eh  4 e  o estado atual da sequencia eh:  [4, 5, 2, 6, 5, 6, 7, 10, 5, 7, 13, 11, 12, 16, 13, 18, 22, 21, 16, 19, 23, 28, 18, 21, 28, 30, 36, 23, 37, 37, 40, 23, 38, 40, 41, 40, 41, 42, 45, 41, 45, 45, 50, 44, 45, 46, 50, 51, 45, 47, 58, 54, 47, 48, 59, 56, 58, 48, 62, 59, 63, 49, 66, 64, 64, 66, 71, 65, 67, 70, 71, 69, 71] 
O valor do incremento eh  2 e  o estado atual da sequencia eh:  [2, 5, 4, 6, 5, 6, 5, 7, 7, 10, 12, 11, 13, 16, 13, 18, 16, 19, 18, 21, 22, 21, 23, 23, 28, 23, 36, 28, 37, 30, 38, 37, 40, 40, 41, 40, 41, 41, 45, 42, 45, 44, 45, 45, 45, 46, 47, 47, 50, 48, 50, 48, 58, 49, 58, 51, 59, 54, 62, 56, 63, 59, 64, 64, 66, 65, 67, 66, 71, 69, 71, 70, 71] 
O valor do incremento eh  1 e  o estado atual da sequencia eh:  [2, 4, 5, 5, 5, 6, 6, 7, 7, 10, 11, 12, 13, 13, 16, 16, 18, 18, 19, 21, 21, 22, 23, 23, 23, 28, 28, 30, 36, 37, 37, 38, 40, 40, 40, 41, 41, 41, 42, 44, 45, 45, 45, 45, 45, 46, 47, 47, 48, 48, 49, 50, 50, 51, 54, 56, 58, 58, 59, 59, 62, 63, 64, 64, 65, 66, 66, 67, 69, 70, 71, 71, 71] 

Ordenando agora uma lista com 98 numeros 
O valor do incremento eh  49 e  o estado atual da sequencia eh:  [10, 69, 68, 75, 11, 58, 9, 48, 34, 78, 14, 37, 79, 16, 4, 45, 54, 26, 33, 36, 53, 10, 26, 5, 52, 59, 42, 9, 3, 24, 23, 51, 71, 5, 44, 18, 30, 74, 78, 17, 14, 46, 24, 29, 56, 35, 40, 5, 24, 93, 82, 83, 89, 54, 91, 88, 50, 81, 98, 17, 93, 84, 71, 70, 84, 74, 76, 44, 79, 89, 54, 94, 72, 73, 73, 59, 56, 52, 57, 42, 61, 85, 24, 90, 90, 48, 84, 90, 50, 88, 92, 75, 85, 92, 62, 81, 48, 72] 
O valor do incremento eh  24 e  o estado atual da sequencia eh:  [10, 59, 42, 9, 3, 24, 9, 42, 34, 5, 14, 17, 30, 16, 4, 17, 14, 26, 24, 29, 53, 10, 26, 5, 24, 69, 68, 59, 11, 52, 23, 48, 50, 78, 24, 18, 79, 48, 71, 45, 50, 46, 33, 36, 56, 35, 40, 5, 48, 72, 73, 75, 56, 54, 57, 51, 61, 81, 44, 37, 90, 74, 78, 70, 54, 74, 76, 44, 79, 89, 54, 81, 52, 73, 82, 83, 89, 58, 91, 88, 71, 85, 98, 90, 93, 84, 84, 90, 84, 88, 92, 75, 85, 92, 62, 94, 72, 93] 
O valor do incremento eh  12 e  o estado atual da sequencia eh:  [10, 16, 4, 9, 3, 24, 9, 29, 34, 5, 14, 5, 24, 48, 42, 17, 11, 26, 23, 36, 50, 10, 24, 5, 30, 59, 68, 45, 14, 46, 24, 42, 53, 35, 26, 17, 48, 69, 71, 59, 50, 52, 33, 44, 56, 78, 40, 18, 52, 72, 73, 70, 54, 54, 57, 48, 61, 81, 44, 37, 72, 73, 78, 75, 56, 58, 76, 51, 71, 85, 54, 81, 79, 74, 82, 83, 84, 74, 91, 75, 79, 89, 62, 90, 90, 84, 84, 90, 89, 88, 92, 88, 85, 92, 98, 94, 93, 93] 
O valor do incremento eh  6 e  o estado atual da sequencia eh:  [9, 16, 4, 5, 3, 5, 10, 29, 34, 9, 11, 5, 23, 36, 42, 10, 14, 17, 24, 42, 50, 17, 14, 18, 24, 44, 53, 35, 24, 24, 30, 48, 56, 45, 26, 26, 33, 48, 61, 59, 40, 37, 48, 51, 68, 70, 44, 46, 52, 59, 71, 75, 50, 52, 57, 69, 71, 78, 54, 54, 72, 72, 73, 81, 54, 58, 76, 73, 78, 83, 56, 74, 79, 74, 79, 85, 62, 81, 90, 75, 82, 89, 84, 88, 91, 84, 84, 90, 89, 90, 92, 88, 85, 92, 98, 94, 93, 93] 
O valor do incremento eh  3 e  o estado atual da sequencia eh:  [5, 3, 4, 9, 11, 5, 9, 14, 5, 10, 14, 17, 10, 16, 18, 17, 24, 24, 23, 26, 26, 24, 29, 34, 24, 36, 37, 30, 40, 42, 33, 42, 46, 35, 44, 50, 45, 44, 52, 48, 48, 53, 52, 48, 54, 57, 50, 56, 59, 51, 58, 70, 54, 61, 72, 54, 68, 75, 56, 71, 76, 59, 71, 78, 62, 73, 79, 69, 74, 81, 72, 78, 83, 73, 79, 85, 74, 81, 89, 75, 82, 90, 84, 84, 90, 84, 85, 91, 88, 88, 92, 89, 90, 92, 93, 94, 93, 98] 
O valor do incremento eh  1 e  o estado atual da sequencia eh:  [3, 4, 5, 5, 5, 9, 9, 10, 10, 11, 14, 14, 16, 17, 17, 18, 23, 24, 24, 24, 24, 26, 26, 29, 30, 33, 34, 35, 36, 37, 40, 42, 42, 44, 44, 45, 46, 48, 48, 48, 50, 50, 51, 52, 52, 53, 54, 54, 54, 56, 56, 57, 58, 59, 59, 61, 62, 68, 69, 70, 71, 71, 72, 72, 73, 73, 74, 74, 75, 75, 76, 78, 78, 79, 79, 81, 81, 82, 83, 84, 84, 84, 85, 85, 88, 88, 89, 89, 90, 90, 90, 91, 92, 92, 93, 93, 94, 98] 

